Part 1
Using matrix_factorization function
[[5 3 0 1]
 [4 0 0 1]
 [1 1 0 5]
 [1 0 0 4]
 [0 1 5 4]]
[[4.97674473 2.984041   1.8545158  1.00155286]
 [3.98209251 2.40417089 1.72372836 0.99960324]
 [1.00135686 0.99773412 6.14181701 4.96884066]
 [0.99923183 0.91438826 4.94943985 3.98366875]
 [1.14368069 0.99961549 4.98317466 3.99613419]]
Using sklearn NMR method
[[5 3 0 1]
 [4 0 0 1]
 [1 1 0 5]
 [1 0 0 4]
 [0 1 5 4]]
[[5.25583751 1.99314304 0.         1.45510614]
 [3.50429883 1.32891643 0.         0.97018348]
 [1.31291255 0.9441558  1.94957474 3.94614513]
 [0.98126695 0.72179626 1.52760301 3.0788861 ]
 [0.         0.65008539 2.83998144 5.21892451]]
Part 2
Using matrix_factorization function
[[4 3 0 1 2]
 [5 0 0 1 0]
 [1 2 1 5 4]
 [1 0 0 4 0]
 [0 1 5 4 0]
 [5 5 0 0 1]]
[[ 3.95941796  3.01892621  0.2637523   0.99802792  1.98609037]
 [ 4.97922235  3.92496125  1.76991182  0.99979992  1.19579187]
 [ 1.00845695  1.9890651   1.00710885  4.96822631  3.97596384]
 [ 0.99742721  2.05575574  3.32735434  3.98548952  1.36671933]
 [-0.80034138  1.02106651  4.97724192  3.982791   -0.46004629]
 [ 4.99878752  4.95846077  5.04054217  3.54556615  1.00936418]]
Using sklearn NMR method
[[4 3 0 1 2]
 [5 0 0 1 0]
 [1 2 1 5 4]
 [1 0 0 4 0]
 [0 1 5 4 0]
 [5 5 0 0 1]]
[[4.13756322 2.89171283 0.         1.33051642 1.55131109]
 [3.47925069 2.25937637 0.33463975 0.29062467 0.52938315]
 [1.21681397 1.78085517 0.68478585 5.39074865 3.49498465]
 [0.32115791 0.71422622 0.91603657 2.85213327 1.4640594 ]
 [0.2026001  0.74006266 4.84834994 4.21064773 0.        ]
 [5.7992552  3.73725001 0.         0.21697975 1.03584888]]
